0.995117
0.997559
0.996582
0.993652
0.996094
0.996094
0.994141
0.993652
0.996094
0.996094
0.994141
0.995117
0.994629
0.996094
0.994141
0.996582
0.995605
0.995117
0.995117
0.994141
0.995117
0.994141
0.997070
0.996094
0.996094
0.994629
0.996582
0.995117
0.994629
0.997070
0.996094
0.995117
0.995117
0.994141
0.996582
0.993164
0.993652
0.996582
0.996582
0.994629
0.992676
0.995117
0.996094
0.994141
0.994629
0.997070
0.994629
0.995117
0.995117
0.997070
0.994141
0.995117
0.996094
0.994629
0.995117
0.995117
0.995117
0.995117
0.996094
0.994629
0.994629
0.994629
0.996582
0.994141
0.995605
0.996582
0.994629
0.996582
0.994629
0.993652
0.995605
0.996094
0.994629
0.995117
0.995605
0.994629
0.995117
0.995117
0.994141
0.994141
0.996582
0.996582
0.995117
0.996582
0.994141
0.992188
0.962402
0.974609
1.008301
0.918457
1.129395
0.974609
1.026855
1.008301
1.201172
1.016602
0.975098
1.329102
1.047852
0.573242
1.261230
0.829102
0.925781
0.968750
1.077637
0.954102
1.201172
0.771973
0.699219
0.886230
0.714355
1.361816
0.893555
1.084473
0.942383
0.885742
1.192871
0.714844
1.152832
0.487793
1.190918
1.089844
1.162598
0.924316
1.143066
1.083984
1.004883
1.042480
1.188965
0.930664
0.975586
0.792969
1.388672
0.922363
1.460938
0.962891
1.218750
0.793457
1.340332
1.068848
0.598145
1.011230
1.127930
1.320312
0.259766
1.680664
0.677246
0.800781
0.944824
1.031250
0.917480
1.351074
0.984375
1.199707
0.841309
0.711914
1.159668
0.977051
0.986816
0.877441
0.407227
0.787109
0.684082
0.693359
1.190430
1.191406
0.845703
1.105469
1.030273
1.303711
0.689941
0.816895
1.082520
0.935547
1.347168
0.949707
1.044922
0.952148
0.763672
1.057617
1.123047
1.124023
0.543457
1.107910
0.878906
1.007812
1.023438
0.796875
0.687500
1.030273
0.739746
1.137207
1.115723
1.060059
1.034180
0.881836
1.594238
0.998047
0.789062
1.312988
1.367188
0.779297
0.832031
1.316406
1.043945
0.860352
1.032227
1.246094
1.272949
0.768066
0.683594
0.632812
0.871094
1.219727
1.075195
0.863770
1.067871
1.049316
0.488770
1.309570
0.949219
1.146973
1.024414
0.965332
0.851562
0.849609
1.030762
1.463867
0.773926
1.241211
0.839355
0.999023
1.499512
0.883789
0.729980
1.480469
1.519531
0.922852
1.335938
1.039062
1.422363
1.127930
1.137695
1.121094
1.182129
0.981934
0.723633
1.066406
0.782715
1.383301
1.040527
0.807617
1.440430
0.782227
0.968262
0.902832
0.859375
0.918457
0.939941
1.219727
0.849121
1.078613
1.423828
0.738770
1.294434
0.921387
0.940918
0.999512
0.919922
1.212891
0.875488
0.979980
1.003906
0.831055
1.137207
0.756348
1.079102
0.980957
1.386719
0.423340
1.825684
0.221680
1.212891
1.375977
0.666504
1.324707
0.657715
1.473145
1.030273
0.754395
1.245117
0.731445
1.265625
0.946289
0.793457
1.104004
1.008789
1.147949
0.973145
0.714844
1.205566
0.851074
0.676758
1.457031
1.065918
0.665527
0.950195
1.304199
0.910645
0.959473
0.887207
1.158691
0.850586
1.372559
0.952637
0.844238
1.025879
0.742676
0.892578
1.199219
0.971191
1.072266
0.751953
0.781250
1.101562
0.871094
1.453613
0.629395
1.051270
1.293945
0.607910
1.996582
0.228516
1.254883
0.732910
0.318848
1.686523
0.973145
0.689941
1.113770
0.886230
1.051270
1.000977
0.876953
0.925781
1.204590
1.097656
1.241211
0.631348
1.375488
0.937012
0.989746
1.108398
1.057617
0.750000
1.310059
0.898438
1.155762
0.827148
0.983887
0.875977
0.946289
0.921875
1.036621
0.935059
0.839844
0.973633
0.950195
0.722656
1.270996
0.770996
0.592773
1.516602
0.736328
1.022949
0.944824
1.058594
0.629883
1.375977
0.961426
0.918945
1.027832
0.843262
0.870605
0.868652
1.055176
1.145020
0.863281
0.958496
1.032227
1.154785
0.891602
1.214355
1.087402
0.934082
1.054199
1.069824
1.081543
1.082520
0.690918
1.173340
1.250000
0.898438
0.746094
1.151367
0.890137
0.943848
1.059082
0.957031
1.045410
0.965332
0.890625
1.177734
0.913086
1.024414
0.866211
1.033691
1.009277
0.745605
0.966309
1.086426
0.792969
0.990723
0.908691
1.034668
0.874512
0.791504
1.124512
0.904297
0.842285
1.225098
0.946777
0.765137
0.429199
1.083008
1.047363
0.878418
1.096191
0.882324
0.931641
1.126465
0.956543
0.664551
1.171387
1.040527
0.993652
1.030762
1.323242
1.739258
1.295898
0.677734
0.307129
0.65918