1.0
1.175293
1.617676
1.561523
1.022949
0.541992
0.583496
0.899414
0.999023
0.843262
0.693848
0.679199
0.859863
0.877441
0.715332
0.649414
0.609863
0.685059
0.830078
0.867188
2.126953
1.896973
0.269531
1.229492
1.046387
1.408691
1.008301
0.535156
1.302734
0.849121
0.892578
1.112305
0.711914
1.030273
1.227051
1.183594
1.334961
0.789062
1.01123
1.289062
0.702148
0.745117
0.705078
0.901367
1.227051
1.338379
1.001953
1.022949
0.731934
1.03125
0.868652
1.194336
1.019043
0.60791
1.389648
1.381836
0.98877
0.752441
1.29248
0.95459
1.133789
1.320801
1.152344
1.018066
0.998535
1.013672
0.972656
0.950195
1.079102
0.709473
1.394043
0.844727
1.174316
1.023438
0.782715
0.67627
0.87793
1.041504
0.828125
1.095703
0.924316
0.894531
1.056152
0.944824
1.071777
1.099609
0.519043
0.718262
1.390137
1.618652
0.664551
0.553711
1.311035
1.350586
0.946777
0.90918
1.200195
1.367676
0.799316
1.196777
0.751465
1.412598
0.722168
1.254883
0.742188
1.279785
0.902344
1.022949
1.395508
0.570801
0.889648
1.20166
1.138672
0.805176
1.073242
1.06543
1.003418
0.537598
1.355469
0.657227
0.895996
1.068848
1.024414
1.23877
0.711914
1.272461
0.949219
0.946289
0.966309
0.829102
1.015137
0.958008
1.052246
1.077637
0.791504
0.791016
0.98584
1.030273
0.911621
1.072266
1.101074
1.282227
0.873535
0.868652
1.116211
0.475098
0.969727
0.979492
1.046387
1.428223
0.577637
1.264648
0.862793
0.617188
0.979004
0.960449
1.015137
1.075195
0.599121
0.974121
0.584961
1.15918
0.608398
1.042969
1.097168
1.082031
1.277344
0.695312
0.996582
0.95459
1.059082
1.035156
1.002441
0.609863
1.20166
1.32666
0.867188
0.566406
0.885254
1.033203
0.88623
1.101074
1.052734
0.831055
0.640625
1.195801
1.095703
0.72998
0.78418
0.820312
0.872559
0.945312
0.853027
0.575195
1.693848
1.242188
0.904297
1.199219
0.994141
1.005371
1.248535
0.871582
0.959961
0.727051
1.367676
0.861816
1.336426
0.921875
1.154785
0.975586
1.437012
0.623535
1.203613
0.916992
0.939941
0.974121
0.65625
1.330078
1.071289
0.91748
1.012207
1.075195
1.021973
0.867676
0.982422
1.069336
0.987305
1.166016
1.151855
0.740234
0.898926
1.241211
1.011719
0.637207
1.052246
1.17334
1.162598
0.820312
0.893555
1.038574
0.944336
0.996094
1.175781
1.074707
0.942871
1.026855
1.156738
0.867188
1.01416
1.070312
1.361816
0.99707
0.914551
0.794922
1.217285
0.52832
0.801758
1.229004
1.364258
0.919434
0.750488
1.111816
1.063477
0.661133
0.708984
0.932129
0.941895
0.858887
1.137695
0.68457
1.523926
0.665527
1.154785
1.085449
0.880371
0.949707
1.291016
1.022461
0.915039
1.024902
0.879395
0.741699
1.103516
0.993164
0.974609
0.851562
1.011719
0.874023
0.93457
0.890625
1.321289
1.035156
0.916992
0.787109
1.074707
0.890625
0.927246
1.229492
1.115234
1.51416
1.32666
1.062012
1.393066
1.019531
0.640137
1.05957
0.833008
1.081055
0.953613
0.870117
1.013184
0.979492
0.777832
0.936523
1.532227
1.524902
0.887207
1.02832
1.088379
0.967773
0.561523
0.601074
0.972656
1.130859
1.080566
0.859375
1.259277
0.986328
1.04248
0.799805
1.223633
1.22168
0.831543
0.820801
0.954102
1.006348
0.956055
0.939453
1.166992
1.070801
0.945312
1.328613
0.637207
1.047852
1.180176
1.424316
1.195312
1.349121
1.616699
1.021484
1.144531
1.171387
1.071289
0.555176
1.214355
1.14209
1.12207
0.910156
0.811035
1.102051
0.851562
1.238281
1.404297
0.613281
1.26123
1.004395
1.041504
1.206543
1.210449
0.80127
0.791992
1.146973
0.824707
1.086426
0.915527
1.077148
1.125
0.996582
1.031738
1.013672
0.984375
0.843262
1.005859
1.244629
1.079102
0.818848
1.078613
1.349121
1.072754
0.967773
1.170898
1.07666
0.94043
0.994629
0.992676
1.125977
0.976562
0.987793
1.047852
0.95752
0.99707
0.98877
0.96044