0.993164
0.999512
1.001465
0.992188
0.996582
1.000488
0.994629
0.998535
0.997559
0.998047
0.997070
0.995605
0.997559
0.998535
0.996582
0.994629
0.996582
0.999023
0.994629
0.993652
1.001953
0.998535
0.994629
0.999023
0.996582
0.991211
0.999023
1.001465
0.990723
1.000000
0.999023
0.993652
0.998047
0.997559
0.992676
0.998535
0.997559
0.996582
0.996094
0.995117
0.997559
0.996094
0.998535
0.994629
0.993164
1.001465
0.998047
0.993652
1.000000
0.997559
0.991211
0.999023
0.998535
0.995117
0.997070
0.997070
0.996582
0.997559
0.996582
0.995605
0.999512
1.000488
0.994141
0.997070
0.998535
0.995117
0.997559
1.000000
0.993652
0.994629
1.000977
0.998047
0.993164
1.124023
0.997559
0.992676
0.993652
1.001465
0.996582
0.998535
1.000977
0.994141
0.997070
0.994629
0.995117
1.000488
0.993164
0.997070
1.000000
0.990234
0.933594
1.022949
1.139648
1.062500
0.891113
0.827148
1.052734
1.025391
0.944336
0.931152
1.000488
1.158203
1.072754
0.871582
0.841797
0.899902
0.979004
0.999512
1.078613
1.180176
0.947754
0.819824
0.818848
1.054688
1.164062
1.096191
0.972656
0.885254
0.916992
0.901367
0.957520
0.982910
1.059082
0.985352
0.923828
1.170898
1.229492
1.164062
0.909180
0.774902
0.839844
1.107910
1.123047
0.886719
0.832520
0.881348
1.015625
1.089355
1.193359
1.028809
1.078125
0.987793
1.018555
0.942383
1.061523
0.896484
0.983887
1.014160
1.161133
1.159180
0.918457
0.845703
0.979004
1.049805
1.024414
1.014648
0.933105
0.975098
1.122070
1.036621
0.910156
0.968262
1.020508
1.013184
0.934570
0.866211
0.924316
1.031250
1.030273
0.983887
1.052246
1.148926
1.238281
1.030273
0.875977
0.751953
0.701660
0.823730
1.246094
1.472656
2.479980
0.978516
0.686035
0.705078
0.900879
0.928223
1.207031
1.332031
1.160645
0.867188
0.755371
0.725586
1.010742
1.214844
1.264160
0.938965
0.842285
0.870605
0.906250
0.990234
1.038086
1.026855
1.011719
1.159668
1.195801
1.074219
0.902832
0.728027
0.841797
1.084961
1.200684
1.207520
0.977051
0.837402
0.844727
1.005371
1.095215
1.183594
1.108398
0.836426
0.855469
1.059082
1.107422
0.909668
1.020508
1.119141
1.068359
0.935547
0.991211
1.064453
0.940430
0.975098
0.870605
0.954590
1.008789
1.039062
1.110840
1.076172
0.977051
0.813477
0.792480
0.948730
1.120605
1.148438
1.147949
1.009277
0.934570
0.823242
0.821289
0.992676
1.095703
1.170410
0.991211
1.055664
0.983398
1.142090
1.185059
1.103516
0.873047
0.690918
0.552246
0.645508
1.022949
1.283691
1.478516
1.347656
0.839844
0.854004
0.943848
0.951660
0.897461
0.946777
1.227539
1.342285
1.104980
0.727539
0.682617
0.862305
0.917969
1.050293
0.969238
0.964844
0.957520
0.998047
1.135254
1.137695
1.025391
0.737793
0.816895
1.150879
1.469238
1.184570
0.816895
0.706055
0.868164
0.989258
0.998535
1.007812
0.989258
0.996582
1.101074
1.411621
1.312012
0.764648
0.648438
0.717285
0.722656
1.212402
0.673828
1.094238
0.979980
0.881836
0.925781
1.041504
1.092773
0.989258
1.021973
0.956543
1.037109
1.022461
0.936035
0.872070
0.831055
0.972656
1.271484
1.161621
0.967285
1.084961
0.764160
0.725586
0.873535
1.333984
1.180664
0.833496
1.046387
0.975098
0.932129
0.937500
1.025879
1.015625
1.068848
0.965820
0.913574
0.958496
0.999023
1.141602
1.031250
0.892578
1.029297
1.046875
0.998535
0.785645
0.778320
1.227051
1.531738
0.947754
0.751953
0.671875
0.775391
1.179688
1.491211
0.930176
0.956055
0.975586
1.122070
1.032227
0.792969
0.758789
0.924316
0.840332
0.917969
0.933105
1.153320
1.122070
0.878906
0.957031
1.105469
1.123047
0.963379
0.900391
0.995117
1.046387
1.228027
0.803711
0.716797
0.907227
1.312012
0.903809
0.952637
1.030273
1.075195
1.100098
0.648438
0.899902
1.256348
1.359375
0.802734
0.697266
0.880371
0.981445
1.183105
1.130371
0.777344
1.301270
0.979004
0.627441
1.134277
1.444824
0.975098
0.743652
1.116699
1.089355
1.014160
0.898926
0.955566
1.138184
1.000977
0.953125
1.275879
1.053223
0.983398
0.776855
0.540527
1.384277
1.293945
0.901855
0.900391
0.877441
1.072754
1.023926
1.103516
1.034180
0.729004
1.017578
1.194336
1.089355
0.854980
0.953125
0.895020
1.141113
1.036133
1.036621
0.993652
0.994141
0.982910
0.973633
1.079590
1.064453
0.979492
0.626953
0.898926
1.534668
1.41162