0.996582
0.998047
0.994141
0.998047
0.995605
0.997559
0.996094
0.997070
0.996094
0.995605
0.997070
0.997559
0.997559
0.997070
0.995605
0.995605
0.997559
0.993164
0.999023
0.995605
0.995605
0.996094
0.998047
0.994141
0.999023
0.994629
0.995117
0.997559
0.997559
0.996582
0.994629
0.997070
0.996094
0.997070
0.998535
0.995605
0.996582
0.997559
0.995117
0.997070
0.996582
0.996094
0.997559
0.993652
0.996582
0.995605
0.996094
0.996094
0.997070
0.993164
0.996094
0.998047
0.994629
0.997070
0.994141
0.997559
0.995605
0.995605
0.996582
0.996582
0.993164
0.999512
0.994141
0.997559
0.996094
0.996094
0.995117
0.995605
0.995605
0.997070
0.995605
0.998535
0.996094
0.994629
0.999512
0.993652
0.998047
0.994629
0.996582
0.997559
0.997559
0.995117
0.998535
0.994141
0.999023
0.993164
0.995117
0.997070
0.996582
0.997070
0.995605
0.997070
0.996582
0.997559
0.996582
0.998047
0.993652
0.997559
0.995117
0.998047
0.994629
0.994141
0.998535
0.995605
0.997070
0.998535
0.994629
0.997070
0.997559
0.997070
0.997070
0.994629
0.999023
0.995605
0.994629
0.996094
0.995117
0.996582
0.998535
0.996582
0.994141
0.998047
0.998535
0.997070
0.997559
0.992676
1.003418
1.283203
2.841797
1.541504
1.112793
0.911133
0.554688
0.520996
0.713379
0.875488
0.956055
0.902832
0.735840
0.655273
0.612793
0.677734
0.786133
0.872070
0.849609
0.805176
0.788574
1.496094
2.439453
1.560059
0.812012
0.442383
0.520020
1.262207
1.458984
1.250488
1.036133
0.830566
0.800781
0.779785
0.773926
0.865234
0.947754
1.223145
1.372559
1.107910
0.903809
0.815918
0.914551
1.159668
1.270508
1.144043
0.800781
0.744629
0.847656
0.869141
1.115234
1.107910
0.922852
0.926758
0.928223
1.003906
1.157715
1.086914
0.954102
1.056152
1.052246
0.993164
0.920898
0.957520
1.018555
0.984863
0.896973
0.883789
1.117188
1.163574
1.048340
1.076172
0.992676
0.852539
0.859375
0.905762
0.947754
1.046875
1.020996
1.026367
1.026855
0.938965
1.068359
1.208496
0.954590
0.806152
0.864746
1.117676
1.103027
0.914062
1.023926
1.083984
1.007324
0.843750
0.868652
0.897949
0.982422
1.100098
1.293945
1.208008
0.932617
0.699707
0.854492
1.154785
1.155762
0.876953
0.995605
0.857422
1.098633
1.060547
1.161621
1.176270
0.970215
0.837402
0.807617
0.931641
0.945801
1.018555
1.070312
1.119141
1.169434
0.964844
0.979492
1.071289
0.929688
0.868164
0.857422
1.006348
1.044922
1.027832
1.040527
0.876953
0.892090
0.979004
1.053711
1.271973
1.139648
0.948242
0.839844
0.856934
0.971191
1.080078
1.074219
0.951660
0.927246
0.929688
1.006836
1.089844
0.979492
0.948242
1.004883
0.969238
1.159180
1.200684
0.993164
0.921387
0.902832
0.880859
0.896484
0.912109
1.041992
1.243164
1.108398
0.945801
0.907227
0.799805
0.901367
1.187988
1.295410
1.107910
0.865723
0.702148
0.770996
0.962891
1.027344
1.094727
1.150879
1.274902
1.214355
0.853027
0.751953
0.804199
0.892090
0.984863
1.009277
0.973633
1.189453
1.362793
1.191895
1.043457
0.773926
0.772949
0.962402
1.002441
0.962402
0.916016
0.835449
0.854492
0.928223
0.999023
1.197754
1.254395
1.474609
1.144531
0.885742
0.674805
0.676758
0.913086
1.008789
0.993652
0.790039
0.751465
0.731445
1.032227
1.356934
1.687012
1.486816
0.798340
0.643066
0.721680
0.850586
1.201172
1.143555
0.901855
0.800293
0.946777
1.083496
1.002930
0.904785
0.854980
1.107422
1.212891
1.304199
1.210449
0.976562
0.941895
0.890625
0.929688
1.015137
0.986816
0.860840
0.863281
0.824707
0.875000
1.007812
1.095215
1.100586
1.057617
1.084961
0.904297
0.965820
1.000488
0.999023
1.005859
1.018555
1.071777
1.100098
1.086426
1.003906
0.989746
0.962402
0.882812
0.853027
0.818359
0.812012
0.878906
0.920410
1.098633
1.227051
1.318848
1.202148
0.919434
0.878906
0.847168
0.945801
0.951172
1.051758
1.136230
1.137207
1.128418
0.995117
0.905762
0.881836
0.819336
0.863281
0.912109
1.007812
1.080078
1.051758
1.018066
0.977539
0.982422
0.928711
0.970215
0.984863
0.979492
0.992676
1.138672
1.306152
1.244141
1.041992
0.797363
0.770508
0.875000
0.933594
1.089355
1.099121
0.992676
0.999512
0.966797
1.007812
1.007812
1.034668
1.036621
1.026855
1.029785
1.054199
1.037109
0.937988
0.900879
0.775879
0.830078
0.871582
1.072266
1.212891
1.170410
0.91259