-0.291504
-0.284668
-0.323242
-0.467285
-0.230469
-0.221191
-0.215332
-0.190918
-0.246582
-0.317871
-0.373535
-0.303711
-0.341797
-0.260254
-0.252930
-0.202637
-0.161621
-0.218750
-0.253418
-0.279785
-0.270020
-0.302246
-0.286133
-0.359863
-0.383301
-0.377930
-0.444336
-0.445312
-0.373047
-0.408203
-0.360352
-0.232422
-0.258789
-0.222656
-0.319824
-0.405762
-0.228027
-0.279785
-0.235840
-0.474609
-0.402832
-0.447754
-0.418457
-0.405273
-0.510742
-0.474121
-0.468750
-0.405273
-0.370605
-0.371582
-0.384766
-0.419922
-0.358887
-0.263672
-0.226074
-0.285156
-0.361328
-0.317383
-0.303711
-0.233398
-0.119629
-0.336426
-0.363281
-0.271973
-0.499023
-0.441406
-0.446777
-0.398926
-0.286133
-0.299316
-0.287598
-0.297852
-0.331543
-0.320312
-0.346191
-0.385254
-0.377441
-0.369141
-0.364258
-0.368164
-0.370117
-0.365234
-0.346191
-0.321777
-0.324219
-0.320312
-0.322266
-0.333984
-0.339355
-0.344238
-0.354004
-0.354980
-0.355957
-0.360840
-0.362305
-0.376953
-0.310547
-0.290527
-0.294922
-0.260254
-0.337402
-0.359375
-0.405273
-0.378418
-0.369629
-0.337402
-0.308105
-0.328125
-0.327637
-0.295410
-0.364746
-0.362793
-0.339844
-0.331543
-0.346680
-0.332031
-0.346680
-0.354004
-0.347656
-0.354004
-0.347656
-0.334473
-0.361816
-0.362793
-0.331543
-0.349609
-0.357422
-0.367188
-0.355469
-0.364746
-0.353027
-0.350098
-0.387207
-0.375488
-0.325195
-0.328613
-0.271973
-0.372070
-0.442383
-0.390625
-0.391602
-0.405273
-0.371582
-0.381348
-0.360840
-0.365723
-0.365723
-0.373535
-0.364746
-0.363770
-0.380371
-0.375977
-0.346680
-0.358398
-0.357422
-0.352051
-0.366699
-0.342773
-0.334473
-0.344238
-0.378906
-0.364746
-0.355957
-0.332031
-0.321777
-0.324707
-0.266113
-0.353516
-0.449219
-0.404297
-0.383789
-0.375488
-0.350098
-0.331055
-0.377441
-0.370605
-0.344727
-0.355957
-0.383789
-0.352539
-0.348633
-0.380371
-0.362793
-0.372070
-0.352539
-0.330566
-0.332520
-0.340820
-0.346191
-0.387695
-0.414551
-0.393066
-0.333984
-0.334473
-0.338379
-0.345215
-0.329590
-0.346191
-0.355469
-0.356934
-0.350586
-0.348633
-0.344238
-0.339844
-0.338867
-0.340820
-0.345215
-0.346191
-0.355957
-0.356934
-0.358887
-0.363281
-0.357910
-0.357910
-0.364258
-0.369141
-0.358887
-0.363281
-0.364258
-0.357910
-0.358398
-0.359375
-0.356445
-0.356445
-0.358398
-0.353027
-0.352051
-0.352539
-0.351074
-0.353516
-0.356445
-0.357910
-0.354980
-0.355957
-0.354492
-0.355957
-0.353516
-0.354980
-0.355957
-0.354004
-0.358398
-0.358398
-0.361816
-0.356445
-0.354004
-0.352539
-0.352051
-0.354980
-0.357422
-0.351074
-0.359863
-0.351562
-0.348633
-0.349121
-0.349609
-0.354980
-0.357910
-0.360840
-0.363770
-0.363770
-0.361816
-0.359375
-0.353027
-0.347656
-0.345703
-0.340332
-0.357422
-0.353516
-0.347656
-0.357422
-0.359375
-0.348145
-0.356445
-0.357422
-0.359375
-0.359863
-0.364258
-0.359863
-0.360352
-0.356445
-0.349121
-0.349609
-0.350586
-0.343262
-0.343750
-0.348145
-0.354004
-0.356934
-0.359375
-0.357422
-0.357910
-0.352539
-0.354492
-0.353027
-0.357910
-0.358887
-0.356934
-0.354492
-0.356934
-0.354004
-0.353027
-0.348633
-0.353027
-0.353516
-0.356934
-0.355957
-0.359863
-0.358398
-0.362305
-0.357910
-0.359863
-0.358887
-0.357910
-0.355957
-0.355957
-0.358887
-0.357910
-0.351074
-0.350586
-0.332031
-0.324219
-0.355957
-0.351074
-0.364258
-0.378418
-0.365234
-0.363770
-0.358887
-0.354980
-0.346680
-0.357910
-0.354004
-0.344238
-0.344238
-0.347168
-0.342773
-0.340332
-0.345703
-0.350098
-0.355957
-0.354980
-0.362793
-0.366699
-0.361816
-0.365234
-0.369141
-0.367188
-0.352051
-0.358398
-0.344727
-0.354004
-0.353027
-0.357910
-0.357422
-0.368164
-0.356445
-0.355957
-0.357422
-0.358887
-0.358398
-0.352539
-0.352051
-0.349121
-0.346191
-0.343262
-0.341309
-0.345215
-0.345703
-0.352539
-0.355957
-0.361816
-0.366211
-0.369141
-0.369629
-0.368652
-0.360840
-0.360840
-0.358398
-0.355469
-0.353516
-0.351562
-0.355957
-0.351562
-0.350098
-0.349121
-0.346191
-0.346191
-0.345215
-0.346191
-0.347168
-0.349609
-0.358887
-0.361816
-0.366211
-0.365723
-0.362793
-0.361328
-0.360352
-0.361816
-0.358887
-0.354980
-0.352539
-0.349121
-0.349609
-0.350586
-0.351562
-0.349121
-0.34