0.810547
0.845703
1.430664
3.450684
0.723145
0.750488
1.318848
0.964355
1.014160
0.937500
0.808594
1.001465
0.962891
0.975586
0.609863
1.619629
1.082520
0.162109
1.834473
1.588379
0.495117
1.137207
0.999512
0.943359
1.020020
0.957031
0.789062
0.915039
1.663086
1.267090
0.293457
1.236816
0.983887
0.884766
0.926758
0.950195
0.987793
0.910645
0.765625
2.073242
1.667480
0.444336
0.344238
1.144043
0.633789
1.103516
0.896484
0.979492
0.805176
0.563965
2.282715
1.855957
0.280273
0.636719
1.083984
0.752930
1.020020
0.912598
0.927246
0.719238
1.885742
1.839844
0.249023
0.562012
1.364746
0.440918
0.893555
1.912109
2.000488
-0.001953
0.046387
1.886230
1.514160
0.482422
2.410645
1.326660
0.314453
0.377441
1.648926
0.755859
1.105957
0.793945
1.545410
1.634766
0.216797
0.983887
1.719727
0.590332
1.032227
0.828613
0.788574
1.481445
0.566406
1.062012
0.875488
0.910156
1.343750
0.603027
0.775879
1.259277
0.750488
1.038086
0.910645
0.922363
0.930664
0.739746
1.463379
0.490234
1.322266
1.032227
0.728516
0.923828
0.944336
0.794922
0.988281
0.975098
1.770508
1.034668
0.492676
0.984863
1.125000
0.916016
0.882324
0.917969
0.856445
0.694824
2.388672
0.757812
0.476562
1.277832
0.915527
1.009277
0.841797
0.981934
0.869141
0.796387
1.564453
0.042480
1.610840
1.363770
1.040039
0.975098
0.865234
0.868164
0.827148
1.295898
-0.059570
0.717285
1.843262
0.643555
0.753906
1.159668
0.892578
1.110840
0.607910
1.473633
0.300293
0.658203
1.122070
0.929688
0.925293
0.986816
0.872559
0.634766
2.342773
0.375000
0.479492
1.390625
0.701660
1.007324
0.872070
0.932617
0.738281
1.307617
1.686523
0.272461
1.110352
0.812500
1.156250
1.001465
0.839844
0.765625
1.411133
1.591797
1.020020
0.746094
1.062500
0.947266
1.077637
0.964844
0.683594
0.763184
1.300293
1.109863
0.659180
0.892090
1.093750
0.840332
0.771484
0.584473
1.587402
1.068848
0.404297
1.541992
0.698730
0.885742
0.993652
0.712402
0.795898
0.987305
1.600098
0.913574
1.488281
1.212402
0.843750
1.079590
0.850586
0.537109
1.077637
1.690918
1.149414
1.592285
0.800293
1.027832
1.415527
0.805176
0.788086
0.603516
0.880371
1.151855
0.665527
1.742188
0.202148
0.041992
1.623047
0.770996
0.834473
0.722168
1.858398
0.815918
1.566895
0.972656
0.995605
1.022949
0.845215
0.975586
0.919922
0.773438
1.707520
1.581543
0.636719
1.263672
0.731445
1.089844
0.979004
0.896484
0.887695
1.023926
1.671875
1.384766
0.669434
0.469238
0.891113
1.021484
0.953125
0.717285
0.651367
0.751953
0.885254
2.297363
1.516602
0.307617
1.272949
0.632324
1.086426