0.997559
0.995117
0.996582
0.997559
0.998535
0.995605
0.995117
0.997559
0.997070
0.997070
0.996582
0.998047
0.994629
0.994141
0.999512
0.998535
0.993164
0.995605
0.998047
0.996582
0.996582
0.997070
0.996094
0.996094
0.998047
0.997559
0.996582
0.996582
0.995117
0.996094
0.997559
0.997559
0.996582
0.992676
0.994141
1.000977
0.997559
0.991211
0.996094
1.002441
0.998535
0.993164
0.996582
0.997070
0.994141
0.997070
0.999023
0.997559
0.994141
0.996582
0.996094
0.996582
0.994629
0.995117
0.997559
0.998047
0.994629
0.996582
0.997559
0.996094
0.994141
0.996582
0.995605
0.996094
0.996582
0.997559
0.995605
0.995117
0.996094
0.995605
0.997559
0.997070
0.995605
0.998047
0.996582
0.996094
0.997559
0.996582
0.995605
0.995605
0.998047
0.995605
0.994629
0.998047
0.998047
0.996094
0.998047
0.997070
0.997070
0.997559
0.996094
0.995117
0.998535
0.996582
0.996582
0.996582
0.996094
0.994629
0.997559
0.998535
0.993652
0.997559
0.999023
0.993652
0.995605
0.998047
0.995117
0.997559
0.999512
0.996582
0.994141
0.998047
0.994141
0.996094
0.996094
0.997559
0.996094
0.999512
0.998535
1.239258
1.719727
1.437012
0.794434
0.516113
0.636719
0.823730
0.943848
0.859863
0.631348
0.820801
0.872070
0.805664
0.711426
0.574707
0.579102
1.143555
3.505859
1.479492
0.199707
0.278320
1.723145
1.685547
0.539062
0.814453
1.517578
0.545898
0.604980
1.540039
0.575684
1.429688
0.853516
0.540039
0.866211
0.909668
1.063477
0.834961
0.898438
0.886230
1.126953
1.476074
1.117676
0.952637
0.652832
1.011719
1.022461
0.990234
0.941895
0.755371
0.742188
0.974121
1.333984
1.438477
0.857422
0.386719
0.624023
1.329590
1.043457
0.921387
0.866211
1.124023
1.117676
1.814453
1.502930
-0.095703
0.334961
1.687500
1.419922
0.470703
0.614746
1.200684
1.083984
0.956543
0.665527
2.208008
1.327637
0.223145
1.081543
1.427734
0.632812
0.605957
1.183594
1.096191
0.926270
0.768066
1.305664
1.545898
0.208984
0.769043
1.375488
0.885254
0.929688
0.990234
0.801270
0.895020
1.075684
1.826172
0.097168
0.517090
1.341309
1.029297
1.055664
0.827148
0.992188
1.158691
1.531250
0.246094
1.249512
0.918457
0.852539
0.993652
0.783691
0.988281
0.848145
1.828613
0.877441
0.211914
1.552734
1.240723
0.661621
1.185547
0.943848
0.714355
2.601562
1.763672
0.146973
0.489258
1.668457
1.107910
0.790039
1.040527
0.663086
0.707520
2.680176
1.287109
0.227539
0.660156
1.327148
1.494629
0.823730
0.922363
0.609863
1.500488
1.660645
0.396484
0.610840
0.665527
1.686523
1.334961
0.726074
0.926758
0.429199
2.546387
1.439941
0.269043
0.705566
1.856934
1.049805
0.668945
1.146973
0.805176
2.559570
1.562012
0.289062
0.755371
1.060059
1.409668
0.713867
0.923828
0.753906
0.800293
1.734863
0.246582
0.390137
1.693848
1.142578
0.622559
0.816406
0.961426
1.796875
0.855469
1.492188
1.399414
0.463867
1.062988
0.774902
1.770508
1.225098
0.419434
0.754395
1.221191
0.906250
1.601074
1.047363
0.645020
1.321777
0.791992
0.962402
1.109863
0.750977
0.862793
1.005859
1.243652
1.446777
0.922852
0.810547
1.104004
0.972656
0.883789
0.855957
0.937988
0.815430
2.095215
1.628906
0.550781
0.347656
1.507324
1.150391
0.862305
1.091797
0.765625
0.746094
1.911621
1.610840
0.186035
1.220215
1.328613
0.750000
1.091309
0.873535
0.844238
0.963379
1.704102
0.158691
0.378418
1.382812
0.701172
1.193359
0.802246
0.825195
0.575684
1.770996
0.248047
0.249023
0.657715
1.612305
0.378906
1.060547
0.574707
0.662598
2.970215
1.254395
0.151855
0.680176
1.164062
1.179199
0.877441
0.850098
0.723145
2.494629
0.670410
0.268066
0.352051
1.466309
0.605957
0.985840
1.066406
0.851562
1.349609
1.752930
0.684082
0.840332
0.820312
0.998047
0.903809
1.942383
0.931152
1.102051
1.273926
0.784668
0.963379
1.043457
1.048828
0.948730
0.999512
0.996094
0.983398
1.014160
0.995605
0.965332
1.013184
1.011230
0.993164
0.979004
1.008301
0.998047
0.985840
1.000977
1.002930
0.986816
0.995117
1.001465
0.996582
0.998047
0.992188
0.997070
0.995605
0.998047
0.995605
0.995605
0.995117
0.995117
0.998047
0.997559
0.994141
0.993164
0.996094
0.997070
0.994629
0.995605
0.994629
0.993164
0.997559
0.997070
0.993164
0.996582
0.996094
0.995117
0.996582
0.994629
0.995117
0.995117
0.996582
0.9965