1.0
0.997070
0.995117
0.998047
0.994629
0.997070
0.999512
0.995117
0.998047
0.996582
0.996094
0.997559
0.996094
0.996582
0.997559
0.996582
0.997070
0.995605
0.999023
0.997070
0.997559
0.996094
0.995605
0.998535
0.997070
0.996094
0.996094
0.997070
0.998047
0.998047
0.994629
0.996582
0.996582
0.995117
0.998047
0.997559
0.998535
0.992676
0.941406
1.284668
0.981934
0.967285
1.016113
1.229980
0.980469
1.079590
0.587402
1.309082
1.342285
1.004395
1.215332
1.473145
2.500000
0.495605
1.021973
1.006836
1.105957
1.196777
0.951660
1.194336
1.010254
0.659668
0.729004
0.716309
0.428223
3.107422
1.411621
0.530273
0.182129
0.330566
0.246094
1.291992
2.141113
0.766113
1.051758
1.306641
0.919434
0.995117
0.620605
0.333496
0.291016
1.714844
1.610352
1.130371
1.402832
0.962891
0.974609
0.835449
1.100098
1.091309
0.460938
0.200195
0.875000
1.542480
2.141602
1.125488
0.016113
0.894043
0.604492
0.488770
1.001465
0.909180
1.056152
1.078613
1.161621
1.117676
0.976074
1.118164
0.986328
1.012695
1.029297
1.085449
1.299805
1.154785
0.886230
1.091797
0.935059
1.002441
0.897949
0.674316
0.562012
0.766113
1.166016
1.232910
1.389648
1.214355
0.964355
0.645996
0.947266
0.753418
0.297852
2.232422
0.363770
0.314453
0.379395
0.625977
1.939941
0.287598
1.437500
1.000488
1.236328
0.854004
1.115234
0.950684
0.206543
0.737305
2.503906
1.980957
0.023926
1.087891
0.796875
1.020996
0.395508
1.588379
0.743652
1.020996
0.929199
1.104492
1.124023
0.706055
0.451660
0.677246
1.044922
1.193359
1.093262
0.802246
1.055664
1.367188
1.381348
1.000000
1.035156
0.754395
0.857422
1.155762
1.199219
0.696289
0.695312
0.542969
0.938477
1.155273
1.287598
1.091309
0.929199
0.971680
1.058105
0.952148
0.520508
0.472656
1.710938
2.319336
0.567383
0.403320
0.461426
1.156250
1.283203
1.427246
1.150391
0.824219
1.100586
0.727051
0.741211
0.727539
1.112305
1.348145
1.246582
1.130859
0.887695
1.050293
1.357422
1.024414
0.681641
0.350098
0.952148
1.866699
1.397949
0.912598
0.698730
0.690430
0.772949
1.014648
0.860352
1.023438
1.032715
1.148438
1.071777
1.153320
1.244141
1.120605
1.013672
0.866699
0.902832
1.391113
1.530762
0.752441
0.314453
0.641113
0.940430
0.994141
0.900879
0.718262
0.643555
0.678223
0.919922
2.176758
1.728027
0.435059
1.204102
1.099609
1.071289
1.009277
1.027832
1.039551
1.038086
1.029297
0.981445
1.013184
1.007324
0.976562
0.981445
1.002930
0.999512
1.000488
0.998535
0.988770
0.998047
1.007324
0.997070
0.991699
0.992676
0.998535
1.002930
0.997559
0.994141
0.993652
0.997559
0.999023
1.002930
0.992188
0.993164
0.997559
1.000488
0.996094
0.996582
0.995117
0.996582
0.999512
0.998535
0.996094
0.995117
0.999023
0.999512
0.996582
0.997559
0.994629
0.998047
1.000488
0.995117
0.995605
0.995605
0.997559
0.998047
0.998535
0.996582
0.997070
0.997070
0.998047
0.997070
0.998535
0.996094
0.999512
1.000000
0.996582
0.997070
0.997070
0.995605
0.999512
0.997070
0.995117
0.998535
0.998047
0.996582
0.998535
0.995117
0.999512
0.996582
0.995117
0.998047
0.996094
0.996582
0.996582
0.997559
0.994629
0.998047
0.996582
0.996094
0.999023
0.995605
0.994629
1.001465
0.999023
0.995605
0.998047
0.997070
0.998047
0.998047
0.998047
0.999023
0.996094
0.995117
0.997070
0.996094
0.996094
0.998047
0.996582
0.485840
0.997070
0.997070
0.997559
0.998047
0.996582
0.997070
0.997070
0.996582
0.997559
0.998047
0.997559
0.997070
0.997070
0.998047
0.998047
0.999023
0.995117
0.999023
0.999023
0.995605
0.997070
0.997559
0.996094
0.996094
0.996582
0.996582
0.998535
0.996094
0.997559
0.997559
0.996582
0.998535
0.998047
0.997070
0.997559
0.998047
0.997559
0.995117
0.997559
0.995117
0.995605
0.998047
0.997559
0.996094
0.997559
0.996582
0.996582
0.997070
0.998047
0.997070
0.995605
1.000977
0.994629
0.999023
0.999023
0.996094
0.998535
0.999512
0.995117
0.998047
0.995117
0.997070
0.996582
0.995605
0.996582
0.999512
0.996094
0.997559
0.997559
0.997559
0.996094
0.998535
0.996582
0.997559
0.999023
0.996094
0.994629
0.999023
0.998535
0.996582
0.997559
1.000000
0.996582
0.996582
0.997559
0.998047
0.997070
0.996582
0.995605
0.996582
0.999023
0.997559
0.995605
0.997070
