0.999023
0.999023
0.995117
0.997070
0.998535
0.998047
0.996582
0.996582
0.997070
0.998047
0.997070
0.996582
0.998047
0.997559
0.996094
0.998047
0.996582
0.995117
0.999023
0.999023
0.995605
0.996094
0.997070
0.996094
0.998535
0.997559
0.996094
0.996582
0.998535
0.996094
0.994629
0.997559
0.998047
0.995605
0.996094
0.998047
0.998047
0.999023
0.997559
0.997070
0.998047
0.998535
0.998535
0.997070
0.997559
0.997559
0.997070
0.997070
0.998535
0.997559
0.997070
0.997559
0.999512
0.997559
0.997070
0.999023
0.998047
0.998535
0.997070
0.997559
0.997559
0.998535
0.997559
0.995117
0.995117
1.000488
0.993164
0.999512
0.996582
0.995117
0.999023
0.997559
0.996094
0.999512
0.997559
0.997559
0.998535
0.997070
0.998535
0.996094
0.998535
0.999023
0.996094
0.997070
0.997070
0.998535
0.996094
0.996094
0.999023
0.997559
0.996094
0.999023
0.996582
0.998535
0.999512
0.996094
0.999023
0.997559
0.997559
0.997070
0.997070
0.999512
0.997070
0.995117
0.996582
0.998047
0.995605
0.999023
0.998047
0.997070
0.997070
0.998047
0.998535
0.996094
0.997559
0.997070
0.995117
0.997559
0.998047
0.996582
0.994629
0.998535
0.997070
0.997070
0.999023
0.995605
0.995117
0.999512
0.996582
0.997070
0.999023
0.997559
0.999023
0.997559
0.998047
1.000000
0.995117
0.998047
0.998047
0.998047
0.996582
0.997070
0.998535
0.998047
0.997559
0.997070
0.998535
0.997559
0.996094
0.997559
0.998047
0.997070
0.997559
0.998535
0.996582
0.996094
0.997070
0.997559
0.999023
0.998535
0.995605
0.997559
0.998047
0.997070
0.998047
0.999023
0.996582
0.996094
0.999023
0.998047
0.996094
0.998535
0.997559
0.996582
0.996094
0.997559
0.997070
0.997559
0.997559
0.997559
0.996582
0.996582
0.998535
0.997070
0.996094
0.997559
0.998047
0.996582
0.995117
0.999512
0.998047
0.996094
0.996094
0.999023
0.997559
0.997559
0.998535
0.997070
0.996094
0.998535
0.996582
0.997559
0.999023
0.997070
0.996582
0.999023
0.997559
0.996094
0.997559
0.999023
0.998047
0.996582
0.997070
0.998535
0.998535
0.996094
0.996582
0.998047
0.999512
0.996094
0.997070
0.996582
0.997070
0.998047
0.996582
0.996582
0.998047
0.997070
0.996094
0.996582
0.998047
0.996094
0.996582
0.999512
0.995117
0.998535
0.998535
0.997070
0.998535
0.997070
0.996094
0.999023
0.996094
0.998047
0.996094
0.995605
0.996582
0.998047
0.996582
0.997070
0.997559
0.996582
0.996582
0.999023
0.996094
0.998047
0.997559
0.995605
0.997559
0.998047
0.996582
0.996582
0.997070
0.997559
0.997559
0.995605
0.999023
0.997070
0.994141
0.997559
0.997070
0.997070
0.997559
0.997070
0.999023
0.995605
0.997559
0.997070
0.997070
0.998047
0.996094
0.997559
0.999512
0.997559
0.995605
0.996582
0.998047
0.997559
0.995605
0.996582
0.997559
0.997559
0.999023
0.997559
0.997070
0.997559
0.997070
0.998535
0.996582
0.995605
0.999023
0.996582
0.995605
0.999023
0.994629
0.995117
0.998535
0.995117
0.998535
0.998535
0.998047
0.996582
0.995117
0.998535
0.996582
0.997559
0.996582
0.996582
0.997559
0.997070
0.997559
0.995605
0.997559
0.998535
0.995117
1.025391
1.043945
3.567871
1.750488
0.674316
0.241699
0.442383
0.660645
1.244141
1.008789
0.735352
0.720703
0.688965
0.773438
0.689453
0.478027
2.528809
2.449707
0.094727
0.464355
0.955078
0.876465
2.188477
1.101562
0.306641
0.515137
0.201172
1.080566
1.138672
1.286621
1.204102
1.238281
0.979004
0.857422
0.934082
1.038574
1.056152
1.008789
0.787598
0.679199
0.953613
1.315918
1.674316
1.074219
0.873535
0.876953
1.081543
0.623047
0.657715
0.664551
2.026855
2.175781
0.202637
0.429199
0.743164
0.630859
0.803711
1.947266
1.647461
0.960449
0.803711
0.282715
0.882812
1.091797
1.069336
0.875977
0.923828
0.984375
0.866211
1.310547
1.250488
1.471680
0.853027
0.994629
0.757812
0.959961
1.295898
1.061523
0.765137
0.583008
0.578125
1.022949
1.407227
0.882812
1.371582
0.992676
1.212891
0.845703
0.585449
1.401367
0.917969
1.122070
1.866699
0.283691
0.127930
0.830078
1.582031
0.990234
0.407227
1.490234
0.617188
1.518066
0.833496
1.161133
0.938477
0.726074
0.540039
0.634277
3.292969
1.735840
-0.010742
0.400879
0.760254
0.651855
0.799805
1.104492
2.076660
0.194336
0.232910
1.096680
0.914551
0.789551
0.833496
0.895508
1.079102
1.083984
1.170410
1.1777