0.999023
0.996094
0.991699
0.840820
1.031250
2.078613
0.829102
1.180176
1.370117
0.684082
0.995605
1.157715
1.091309
0.958008
1.100098
0.955078
0.900879
1.107910
1.044922
0.989258
0.927734
0.915039
1.057617
0.967773
1.011719
0.971680
1.088867
1.054688
0.972656
1.016602
0.973633
1.043457
1.006836
1.007324
0.950195
0.902344
1.218750
1.025879
0.999512
1.146973
0.902344
1.091797
0.847656
1.023926
0.937012
1.012207
1.034180
0.943848
1.026855
0.947266
0.979492
0.980469
0.975586
0.965820
1.042480
0.883789
0.918945
1.039551
1.025879
0.919922
1.012695
1.030762
0.987793
0.827637
1.124023
0.887695
1.066895
0.865234
1.165527
0.900879
1.030762
0.961914
1.053711
1.044922
0.946289
1.077148
1.162598
0.968750
0.939941
0.807129
1.029785
0.864258
1.112793
0.810059
1.140137
0.941406
1.014160
1.033203
0.916504
1.056152
0.997559
0.927734
0.920410
0.937012
0.849609
1.146973
1.003418
0.989746
0.953125
1.077148
1.021484
0.898926
1.073730
0.902344
1.052246
0.961914
0.940918
1.107422
0.946289
1.031738
1.015625
0.924316
1.126465
0.948730
0.970703
1.719238
0.995605
0.635254
0.598145
1.056641
1.239258
0.935059
0.851562
0.899414
1.242188
0.791992
0.982422
1.069824
0.983398
0.926758
1.047363
0.907715
1.005371
1.041016
1.040527
0.832520
1.110352
1.023926
0.776855
0.995117
1.092773
1.003906
0.919434
0.959473
1.047363
0.986816
1.046387
0.916992
0.983887
1.059570
0.945801
1.103516
0.972168
0.949219
1.050781
0.978516
1.022461
0.989258
0.948242
1.016113
1.067383
0.882324
1.053711
1.067871
0.958008
1.093750
0.914062
0.895508
0.992676
1.069824
0.879883
1.112305
0.943359
1.107422
0.946777
0.975098
1.043457
1.001465
0.998535
0.963379
0.959961
0.931641
0.883301
1.051270
0.921875
1.014160
0.969238
0.939453
0.945312
1.037109
0.985352
0.943359
1.028809
0.898926
1.274414
1.081055
0.924805
1.028809
0.914551
0.961426
0.979004
1.054688
1.038574
1.046875
0.980469
0.868652
0.977051
1.086426
0.976074
0.882812
1.047852
0.955566
1.037598
1.011230
0.904785
1.018555
1.024414
0.993652
0.941895
1.034668
1.056152
0.988281
0.984375
0.951660
1.016113
0.932617
1.088867
0.983398
0.977539
0.922852
1.053223
0.547363
0.459961
2.191895
1.770508
0.437988
1.347168
1.400879
0.854980
1.088867
0.913086
1.041992
0.999023
0.893066
1.123535
1.009766
0.954590
0.994629
1.038086
1.034668
1.032227
1.064453
0.874512
1.067871
0.972656
1.081543
0.980469
1.086426
1.050781
0.983887
1.005859
0.940918
1.088867
0.887207
0.815918
1.107910
0.938965
1.052734
0.885254
1.194336
1.094727
0.920410
0.993164
1.087402
0.994629
0.919922
1.060547
0.938965
1.160156
0.860352
1.201660
0.925293
1.058105
0.773926
1.171875
0.833008
0.899414
1.153809
1.001953
0.929199
1.004883
1.002441
1.023926
0.827148
1.012207
1.034668
0.940430
1.125488
0.99365