0.995117
0.995605
0.994629
0.995605
0.996582
0.995605
0.998047
0.996094
0.995117
0.995605
0.997559
0.996094
0.994629
0.994141
0.995117
0.996094
0.996582
0.996094
0.994141
0.993652
0.996094
0.994629
0.995605
0.996094
0.995117
0.996582
0.995605
0.995605
0.996094
0.994629
0.995605
0.995605
0.994629
0.996094
0.996094
0.995605
0.996582
0.995605
0.995117
0.996582
0.995605
0.996094
0.995605
0.995605
0.996582
0.993652
0.994629
0.994629
0.995605
0.996582
0.996094
0.995605
0.996582
0.995605
0.995605
0.995117
0.996094
0.995605
0.996094
0.995117
0.995605
0.995117
0.996582
0.995605
0.996582
0.995605
0.995605
0.996094
0.996582
0.994629
0.994629
0.996094
0.994629
0.995605
0.998535
0.995117
0.993652
0.996094
0.996582
0.997070
0.995605
0.994141
0.995605
0.997559
0.996582
0.994141
0.993164
0.995605
0.995605
0.996094
0.996582
0.996582
0.995117
0.996582
0.994141
0.995117
0.996582
0.994141
0.995117
0.996582
0.995605
0.996094
0.996582
0.996094
0.997070
0.997070
0.996582
0.996094
0.995117
0.995605
0.994629
0.996582
0.995117
0.995605
0.995605
0.994629
0.996582
0.994629
0.994629
0.996094
0.995117
0.995117
0.996094
0.996582
0.996094
0.995605
0.997559
1.025879
1.048828
3.447754
3.791016
1.086426
0.654297
0.317383
0.413086
0.912109
1.142090
1.005859
0.797852
0.498047
0.603027
0.774414
0.924805
0.823242
0.679199
0.645508
0.628418
1.300293
2.077637
1.303223
0.341797
0.955566
1.477539
1.090820
0.767090
0.965820
1.083008
1.045410
0.977051
0.986328
1.036133
0.976562
1.004395
1.021484
0.866699
1.001465
1.129883
0.923828
1.072266
0.913086
1.108887
1.070312
0.889648
1.053223
1.008301
1.018066
0.898926
1.087402
0.835449
1.009277
1.120605
0.954102
0.820312
1.048828
0.859375
1.141113
1.000977
1.056152
1.055664
0.883789
1.166992
0.891113
0.949707
0.851562
0.810547
1.209473
1.137207
0.747070
0.938477
0.986328
0.922363
1.092773
0.845215
1.205566
0.831055
1.031738
0.982910
0.763184
1.150879
1.123535
1.084473
1.061523
0.971191
1.067383
0.928223
0.945801
1.033691
1.041504
0.993652
0.949707
0.932617
1.032227
1.108887
0.906738
1.054199
0.981445
0.968750
1.125977
0.926758
1.043945
1.141602
0.769531
1.247559
0.966309
0.895020
1.139160
0.922363
0.796875
1.021484
1.010742
1.003418
0.888184
1.044922
1.008789
1.067383
0.955566
1.045898
0.952148
1.101562
0.966309
0.903809
1.157227
1.010742
1.065918
0.941895
1.083984
0.889160
1.100586
0.927734
0.964844
0.954590
1.045410
1.083496
0.842285
1.016113
0.977539
0.979004
1.319336
0.490723
0.470703
1.395020
0.838379
1.012207
1.081543
0.579590
1.124023
0.896484
1.119629
0.864258
1.029297
1.041016
1.030762
0.969238
1.222168
1.470215
0.749023
0.777832
0.766113
0.915039
0.944824
0.973145
1.018555
1.106934
1.025879
0.996582
0.880859
0.931641
1.052246
0.982422
0.956543
1.078125
0.931641
1.034180
0.974121
1.018066
0.838379
1.102051
0.999023
1.028809
0.981445
0.940918
1.015137
0.873047
1.010742
1.220703
0.972656
0.942383
0.980469
1.004395
0.962891
1.058594
1.116699
1.001953
0.979492
0.967773
0.984375
0.972168
1.125000
1.063477
0.982422
0.965820
0.874512
1.032227
0.982910
0.899414
0.976074
1.057617
0.989746
1.047852
1.089844
0.877441
0.926758
0.942383
1.050781
0.944336
0.989746
1.063477
0.951172
0.991211
0.883789
1.003906
1.077637
1.044434
0.878418
1.067383
0.962891
1.053711
1.001465
1.058594
0.944336
0.878906
1.017578
1.000977
1.094238
0.969727
1.017578
0.964355
0.924805
1.020508
1.069824
1.043945
0.926270
0.953613
1.019043
1.048340
1.002930
0.873535
0.991699
1.030273
0.973633
0.956543
0.923828
1.027832
1.000000
0.998535
0.908691
0.984375
1.015137
1.022461
1.076172
0.921875
1.028320
1.023438
0.953125
0.977539
0.959961
1.037109
1.089355
0.946777
0.934082
1.003418
0.972656
0.949707
0.994629
1.054688
1.018555
1.013184
0.980957
0.994141
0.950684
1.016602
1.092285
1.019043
0.809570
0.940918
0.935059
1.084473
0.933594
1.112793
1.209473
0.727539
0.949219
1.187988
0.890137
1.118652
0.967285
0.856934
1.114258
0.956543
0.828125
1.041992
0.928711
1.068848
0.947266
1.023926
0.975098
0.895020
0.975586
1.189941
0.958984
0.939453
0.993164
1.085449
1.033691
0.805176
1.095215
0.872070
0.982910
1.070801
1.047852
1.146484
0.971680
0.91748